$ 1 0.000005 10.20027730826997 50 5 50 5e-11
v 240 288 240 176 0 0 40 5 0 0 0.5
t 320 192 400 192 0 1 -0.41949987490150864 0.7389997529526753 200 default
r 224 192 320 192 0 2000
w 224 16 400 16 0
r 400 16 400 176 0 15
w 400 208 400 288 0
g 400 288 400 320 0 0
x 426 105 483 108 4 24 Silnik
x 57 156 185 159 4 24 Nucelo\sPC8
r 192 544 288 544 0 100
162 288 544 368 544 2 default-led 1 1 1 0.02
w 400 288 240 288 0
x 59 256 215 259 4 24 Powerbank\s5V
R 208 416 112 416 0 0 40 3.3 0 0 0.5
x 63 393 193 396 4 24 Nucelo\s3.3V
r 208 416 352 416 0 20000
r 352 416 512 416 0 7000
g 512 416 512 464 0 0
S 224 112 224 176 0 0 false 0 2
w 224 112 224 16 0
R 224 192 96 192 0 2 400 3.3 0 0 0.5
O 352 416 352 464 0 0
x 288 499 412 502 4 24 Nucelo\sPA3
x 442 502 576 505 4 24 Nucelo\sGND
x 61 528 171 531 4 24 Nucelo\s5V
R 192 544 96 544 0 0 40 5 0 0 0.5
x 290 605 424 608 4 24 Nucelo\sGND
g 368 544 368 560 0 0
x 630 408 711 411 4 24 Nucelo\s
R 688 192 688 352 0 0 40 3.3 0 0 0.5
x 595 131 684 134 4 24 Enkoder
g 752 208 752 352 0 0
x 722 181 775 184 4 24 GND
x 680 182 694 185 4 24 \p
x 608 187 646 190 4 24 SW
x 557 185 588 188 4 24 DT
x 479 183 525 186 4 24 CLK
x 606 367 664 370 4 24 PE14
x 540 368 596 371 4 24 PE11
x 476 371 521 374 4 24 PE9
w 512 192 512 336 0
w 576 192 576 336 0
w 624 192 624 336 0
